491
511
525
536
585
595
610
615
620
624
625
626
629
638
641
646
662
667
675
690
716
718
722
766
767
775
779
809
816
819
823
828
850
855
868
875
878
903
939
947
950
972
992
997
1036
1042
1079
1087
1090
1103
1115
1166
1185
1195
1197
1206
1238
1269
1285
1287
1294
1311
1329
1345
1350
1391
1395
1411
1419
1453
1482
1483
1484
1514
1528
1545
1551
1555
1565
1577
1580
1591
1608
1617
1625
1628
1629
1637
1668
1674
1678
1689
1703
1711
1718
1727
1736
1744
1755
1760
1766
1796
1797
1812
1817
1845
1858
1877
1881
1888
1894
1897
1901
1935
1973
1984
2028
2056
2067
2102
2119
2145
2165
2172
2182
2189
2196
2207
2226
2235
2290
2324
2325
2330
2336
2342
2343
2354
2362
2397
2400
2418
2453
2455
2492
2494
2529
2540