491
511
525
536
585
610
615
620
624
625
638
641
646
662
667
675
690
716
718
722
767
809
816
823
828
855
868
875
878
903
950
972
992
997
1079
1103
1115
1185
1195
1197
1206
1238
1285
1287
1294
1329
1345
1350
1391
1395
1411
1419
1453
1482
1514
1545
1551
1555
1565
1577
1580
1591
1625
1628
1629
1668
1674
1678
1689
1703
1711
1718
1727
1736
1744
1755
1766
1796
1812
1845
1858
1877
1881
1888
1901
1935
1973
1984
2056
2067
2165
2182
2189
2196
2207
2226
2290
2330
2336
2342
2343
2354
2362
2418
2455
2492
2494
2529